60311
60313
60433
60435
60437
60528
60439
60316
60318
60385
60389
60316
60318
60320
60322
60389
60435
60599
60314
60316
60385
60439
60488
60386
65934
65936
60487
60488
60489
60594
60596
60598
60599
60529
60386
60388
60389
60435
65931
65936
65929
60320
60322
60323
60431
60306
60308
60320
60322
60323
60325
60327
60486
60487
60437
60437
60438
60329
60549
60388
60435
60320
60325
60431
60486
60487
60433
60437
60385
60386
60389
60435
60320
60322
60431
60433
60320
60435
60431
60433
60314
60386
60433
60310
60311
60313
60318
60322
60329
60325
60326
60327
60329
60486
60431
60529
60326
65933
60327
60329
60437
60487
60488
60439
65929
65934
65931
64291
64297
64291
64289
64297
