10789
10409
13593
13581
13585
13583
13403
13409
13405
13435
13355
13347
13353
13349
13359
13187
13088
13053
10787
10781
10783
10777
10779
10717
10719
10707
10589
10625
10587
10623
10627
10629
10559
10555
10553
10119
10115
10179
10178
10963
10997
10965
10961
10967
10999
10435
10439
10437
10407
10245
10249
10247
10823
10367
10315
10709
12055
12049
12047
12059
12053
12051
12045
12057
12347
12359
12351
12101
12357
12687
12685
12681
12689
12627
12629
12555
12557
14167
14165
14169
14053
14059
14057
14052
14050
10825
12109
12105
12103
10827
10715
14197
12161
12157
12163
12209
12165
12203
12205
12167
12279
12247
12309
12307
10319
10318
12435
12487
12489
12589
13599
13505
13595
13597
13589
13503
13591
13509
13507
13587
13437
13439
13407
13467
13465
13469
13629
13627
13357
13351
13159
13129
13125
13156
13189
13127
13158
13051
13057
13059
13089
13055
13086
10785
10585
10557
10551
10117
10969
10405
10243
10369
10365
10317
10713
10711
12043
12437
12353
12355
12439
12459
12679
12619
12621
12683
12623
12526
12587
12527
12524
12559
14163
14193
14089
14129
14199
14109
14055
12349
12099
10829
14195
12159
12169
12207
12107
12277
12249
12305
